image: cartographer.pgm
resolution: 0.050000
origin: [-123.325192, -95.242997, 0.000000]
negate: 0
occupied_thresh: 0.65
free_thresh: 0.196

